1
1
74
74
75
76
78
85
85
434
5
43
54
5
65
77
56
43
456
56
43
574
53
56
36
534
54
756
74
6
456
5
465
64
6
745
6
54
65
76
57
758
7
3
3
3
3
4
4
4
4
4
4
4
4
4
4
4
4
5
5
5
5
5
5
845
67
54
76
1
375
412
534
544
563
789
534
5
65
77
56
43
456
56
43
574
24
3
4
3
25
53
79
2
34
235
235
53
3
2
3
53
23
865
45
1
1
576
57
6
657
54
76
76
6
7
86
7
58
6
87
86
93
96
97
98
123
231
312
312
346
2
2
2
2
2
2
2
2
2
2
3
3
3
3
3
3
3
3
3
3
3
3
5
6
7
7
7
7
7
7
7
7
7
8
8
9
11
12
12
12
12
12
12
13
13
13
21
21
23
23
24
27
31
34
35
42
43
43
43
45
45
46
47
52
53
54
54
54
54
56
56
56
57
57
57
57
57
63
65
65
65
65
67
67
67
68
74
36
47
84
656
34
58
72
356
7
434
5
43
54
5
65
77
56
43
456
56
43
574
53
56
36
534
54
756
74
6
456
5
465
64
6
745
6
54
65
76
57
758
7
3
3
3
3
4
4
4
4
4
4
4
4
4
4
4
4
5
5
5
5
5
5
845
67
54
76
1
375
412
1
1
74
74
75
76
78
85
85
24
3
4
3
25
53
79
2
34
235
235
53
3
2
3
53
23
865
45
1
1
576
57
6
657
54
76
76
6
7
86
7
58
6
87
86
93
96
97
98
123
231
312
312
346
2
2
2
2
2
2
2
2
2
2
3
3
3
3
3
3
3
3
3
3
3
3
5
6
7
7
7
7
7
7
7
7
7
8
8
9
11
12
12
12
12
12
12
13
13
13
21
21
23
23
24
27
31
34
35
42
43
43
43
45
45
46
47
52
53
54
54
54
54
56
56
56
57
57
57
57
57
63
65
65
65
65
67
67
67
68
74
36
47
84
656
34
58
72
356
7
434
5
43
54
5
65
77
56
43
456
56
43
574
53
56
36
534
54
756
74
6
456
5
465
64
6
745
6
54
65
76
57
758
7
3
3
3
3
4
4
4
4
4
4
4
4
4
4
4
4
5
5
5
5
5
5
845
67
54
76
1
375
412
534
544
563
789
534
5
65
77
56
43
456
56
43
574
53
56
36
534
54
756
74
6
456
5
465
64
6
745
6
54
65
76
57
758
7
3
3
3
3
4
4
4
4
4
4
4
4
4
4
4
4
5
5
5
5
5
5
845
67
54
76
1
375
412
534
544
563
789
544
563
789
1
1
74
74
75
76
78
85
85
24
3
4
3
25
53
79
2
34
235
235
53
3
2
3
53
23
865
45
1
1
576
57
6
657
54
76
76
6
7
86
7
58
6
87
86
93
96
97
98
123
231
312
312
346
2
2
2
2
2
2
2
2
2
2
3
3
3
3
3
3
3
3
3
3
3
3
5
6
7
7
7
7
7
7
7
7
7
8
8
9
11
12
12
12
12
12
12
13
13
13
21
21
23
23
24
27
31
34
35
42
43
43
43
45
45
46
47
52
53
54
54
54
54
56
56
56
57
57
57
57
57
63
65
65
65
65
67
67
67
56
56
56
57
57
57
57
57
63
65
65
65
65
67
67
67
68
74
36
47
84
656
34
58
72
356
7
434
5
43
54
5
65
77
56
43
456
56
43
574
53
56
36
534
54
756
74
6
456
5
465
64
6
745
6
54
65
76
57
758
7
3
3
3
3
4
4
4
4
4
4
4
4
4
4
4
4
5
5
5
5
5
5
845
67
54
76
1
375
412
534
544
563
789
534
5
65
77
56
43
456
56
43
574
53
56
36
534
54
756
74
6
456
5
465
64
6
745
6
54
65
76
57
758
7
3
3
3
3
4
4
4
4
4
4
4
4
4
4
4
4
5
5
5
5
5
5
845
67
54
76
1
375
412
68
74
36
47
84
656
34
58
72
356
7
434
5
43
54
5
65
77
56
43
456
56
43
574
53
56
36
534
54
756
74
6
456
5
465
64
6
745
6
54
65
76
57
758
7
3
3
3
3
4
4
4
4
4
4
4
4
4
4
4
4
5
5
5
5
5
5
845
67
54
76
1
375
412
1
1
74
74
75
76
78
85
85
24
3
4
3
25
53
79
2
34
235
235
53
3
2
3
53
23
865
45
1
1
576
57
6
657
54
76
76
6
7
86
7
58
6
87
86
93
96
97
98
123
231
312
312
346
2
2
2
2
2
2
2
2
2
2
3
3
3
3
3
3
3
3
3
3
3
3
5
6
7
7
7
7
7
7
7
7
7
8
8
9
11
12
12
12
12
12
12
13
13
13
21
21
23
23
24
27
31
34
35
42
43
43
43
45
45
46
47
52
53
54
54
54
54
56
56
56
57
57
57
57
57
63
65
65
65
65
67
67
67
68
74
36
47
84
656
34
58
72
356
7
434
5
43
54
5
65
77
56
43
456
56
43
574
53
56
36
534
54
756
74
6
456
5
465
64
6
745
6
54
65
76
57
758
7
3
3
3
3
4
4
4
4
4
4
4
4
4
4
4
4
5
5
5
5
5
5
845
67
54
76
1
375
412
534
544
563
789
534
5
65
77
56
43
456
56
43
574
53
56
36
534
54
756
74
6
456
5
465
64
6
745
6
54
65
76
57
758
7
3
3
3
3
4
4
4
4
48
8
9
11
12
12
12
12
12
12
13
13
13
21
21
23
23
24
27
31
34
35
42
43
43
43
45
45
46
47
52
53
54
54
54
54
56
56
56
57
57
57
57
57
63
65
65
65
65
67
67
67
56
56
56
57
57
57
57
57
63
65
65
65
65
67
67
67
68
74
36
47
84
656
34
58
72
356
7
434
5
43
54
5
65
77
56
43
456
56
43
574
53
56
36
534
54
756
74
6
456
5
465
64
6
745
6
54
65
76
57
758
7
3
3
3
3
4
4
4
4
4
4
4
4
4
4
4
4
5
5
5
5
5
5
845
67
54
76
1
375
412
534
544
563
789
544
563
2
2
2
2
2
2
2
2
3
3
3
3
3
3
3
3
3
3
3
3
5
6
7
7
7
7
7
7
7
7
7
8
8
9
11
12
12
12
12
12
12
13
13
13
21
21
23
23
24
27
31
34
35
42
43
43
43
45
45
46
47
52
53
54
54
54
54
56
56
56
57
57
57
57
57
63
65
65
65
65
67
67
67
68
74
36
47
84
656
34
58
72
356
7
434
5
43
54
5
65
77
56
43
456
56
43
574
53
56
36
534
54
756
74
6
456
5
465
64
6
745
6
54
65
76
57
758
7
3
3
3
3
4
4
4
4
4
4
4
4
4
4
4
4
5
5
5
5
5
5
845
67
54
76
1
375
412
534
544
563
789
534
5
65
77
56
43
456
56
43
574
53
56
36
534
54

1
375
412
534
544
563
789
534
5
65
77
56
43
456
56
43
574
24
3
4
3
25
53
79
2
34
235
235
53
3
2
3
53
23
865
45
1
1
576
57
6
657
54
76
76
6
7
86
7
58
6
87
86
93
96
97
98
123
231
312

1
375
412
534
544
563
789
534
5
65
77
56
43
456
56
43
574
24
3
4
3
25
53
79
2
34
235
235
53
3
2
3
53
23
865
45
1
1
576
57
6
657
54
76
76
6
7
86
7
58
6
87
86
93
96
97
98
123
231
312

1
375
412
534
544
563
789
534
5
65
77
56
43
456
56
43
574
24
3
4
3
25
53
79
2
34
235
235
53
3
2
3
53
23
865
45
1
1
576
57
6
657
54
76
76
6
7
86
7
58
6
87
86
93
96
97
98
123
231
312

1
375
412
534
544
563
789
534
5
65
77
56
43
456
56
43
574
24
3
4
3
25
53
79
2
34
235
235
53
3
2
3
53
23
865
45
1
1
576
57
6
657
54
76
76
6
7
86
7
58
6
87
86
93
96
97
98
123
231
312

1
375
412
534
544
563
789
534
5
65
77
56
43
456
56
43
574
24
3
4
3
25
53
79
2
34
235
235
53
3
2
3
53
23
865
45
1
1
576
57
6
657
54
76
76
6
7
86
7
58
6
87
86
93
96
97
98
123
231
312

1
375
412
534
544
563
789
534
5
65
77
56
43
456
56
43
574
24
3
4
3
25
53
79
2
34
235
235
23
865
45
1
1
576
57
6
657
54
76
76
6
7
86
7
58
6
87
86
93
96
97
98
123
231
312

1
375
412
534
544
563
789
534
5
65
77
56
43
456
56
43
574
24
3
4
3
25
53
79
2
34
235
235
53
3
2
3
53
23
865
45
1
1
576
57
6
657
54
76
76
6
7
86
7
58
6
87
86
53
3
2
3
53
23
865
45
1
1
576
57
6
657
54
76
76
6
7
86
7
58
6
87
86
93
96
97
98
123
231
312
23
865
45
1
1
576
57
6
657
54
76
76
6
7
86
7
58
6
87
86
93
96
97
98
123
231
312

1
375
412
534
544
563
789
534
5
65
77
56
43
456
56
43
574
24
3
4
3
25
53
79
2
34
235
235
53
3
2
3
53
23
865
45
1
1
576
57
6
657
54
76
76
6
7
86
7
58
6
87
86
