1
1
1
1
1
1
2
2
3
3
3
3
3
3
3
3
3
3
3
3
4
4
4
4
4
4
4
4
4
4
4
4
4
4
4
4
4
4
4
4
4
4
4
4
4
5
5
5
5
5
5
5
5
5
5
5
5
5
5
5
5
5
6
6
6
6
6
6
6
6
7
7
7
23
24
25
34
34
36
36
36
43
43
43
43
43
45
47
53
53
53
53
53
53
54
54
54
54
54
54
54
54
54
54
54
54
56
56
56
56
56
56
56
56
56
57
57
57
57
57
57
57
57
58
63
64
64
65
65
65
65
65
65
65
65
67
67
67
67
67
68
72
74
74
74
74
74
75
76
76
76
76
76
76
76
77
77
78
79
84
85
85
235
235
356
375
375
412
412
434
456
456
456
456
465
465
534
534
534
534
534
544
544
544
563
563
563
574
574
576
656
657
745
745
756
756
758
758
789
789
789
845
845
865
