1
3
3
3
3
3
3
3
3
4
4
4
4
4
4
4
4
4
4
4
4
4
4
4
4
5
5
5
5
5
5
5
5
5
5
5
6
6
6
6
6
6
7
7
7
7
7
7
7
7
7
7
7
8
8
8
9
9
11
11
12
12
12
12
12
12
12
12
12
12
12
12
13
13
13
13
13
13
21
21
21
21
23
23
23
23
24
24
27
27
31
31
34
34
34
35
35
36
36
36
42
42
43
43
43
43
43
43
43
43
43
43
43
45
45
45
46
47
47
48
52
53
53
53
54
54
54
54
54
54
54
54
54
54
56
56
56
56
56
56
56
56
56
57
57
57
57
57
57
57
58
63
64
64
65
65
65
65
65
65
65
65
67
67
67
67
68
72
74
74
74
76
76
76
77
77
84
356
375
412
434
456
456
456
456
465
465
534
534
534
534
544
563
574
574
656
745
745
756
756
758
758
789
845
