1
1
1
1
1
1
1
2
2
2
2
3
3
3
3
3
3
3
3
3
3
3
3
4
4
4
4
4
4
4
4
4
4
4
4
4
4
5
5
5
5
5
5
5
5
5
5
5
5
6
6
6
6
6
6
6
6
6
7
7
7
7
7
7
23
23
24
24
25
25
34
34
34
36
36
36
43
43
43
43
43
43
43
43
43
45
45
47
53
53
53
53
53
53
53
53
54
54
54
54
54
54
54
56
56
56
56
56
56
56
56
56
56
57
57
57
58
58
58
64
65
65
65
65
65
67
68
72
74
74
76
76
76
76
76
76
77
77
77
77
79
79
84
86
86
86
87
93
96
97
98
123
231
235
235
235
235
312
356
375
375
375
412
412
412
434
456
456
456
456
456
465
534
534
534
534
534
534
534
534
544
544
544
563
563
563
574
574
574
574
576
576
656
657
657
745
756
758
789
789
789
845
865
865
