1
1
1
1
1
1
1
1
1
1
1
1
2
2
2
2
2
2
3
3
3
3
3
3
3
3
3
3
3
3
4
4
4
5
5
6
6
6
6
6
6
6
6
6
6
6
6
6
6
6
7
7
7
7
7
7
7
7
7
7
23
23
23
23
23
24
24
24
25
25
25
34
34
34
43
43
43
43
43
45
45
45
45
45
53
53
53
53
53
53
53
53
53
54
54
54
54
54
56
56
56
56
57
57
57
57
57
58
58
58
58
58
65
65
76
76
76
76
76
76
76
76
76
76
77
77
79
79
79
86
86
86
86
86
86
86
86
86
86
87
87
87
87
87
93
93
93
96
96
96
97
97
97
98
98
98
123
123
123
231
231
231
235
235
235
235
235
235
312
312
312
375
375
412
412
456
456
534
534
534
534
544
544
563
563
574
574
574
576
576
576
576
576
657
657
657
657
657
789
789
865
865
865
865
865
